3 4
2
1 1
2 3
2 1

5 5
1
1 1
3 2

38 32
1
26 25
6 7

14 24
2
1 7
8 21
13 6

31 35
3
7 9
15 5
15 24
23 31

21 29
4
18 3
3 27
9 16
13 20
5 20

48 29
5
1 20
4 24
29 27
38 1
35 28
44 14

48 33
6
39 23
34 21
7 2
29 26
32 3
46 1
11 3

8 37
7
4 16
3 31
1 31
2 28
6 11
7 8
5 5
3 11

49 9
8
37 7
32 6
23 7
29 4
17 6
47 2
41 1
32 8
12 2

15 10
9
7 5
6 6
1 2
8 1
11 4
2 5
9 7
8 6
4 5
11 8

12 18
10
3 13
3 10
4 4
6 16
1 11
10 4
9 6
4 9
5 5
5 15
1 14

17 26
11
2 20
3 25
2 11
4 4
13 23
12 24
5 1
11 24
11 3
14 21
9 11
9 2

14 32
12
4 27
10 24
8 7
7 25
3 16
4 6
1 21
2 11
3 24
10 30
10 23
6 7
9 30

20 30
13
5 10
1 2
19 10
4 21
11 6
9 19
14 26
9 7
16 17
18 15
11 17
19 27
6 23
12 11

45 44
14
12 38
22 43
26 22
42 29
28 9
16 35
9 5
34 29
12 24
37 41
33 33
23 13
39 12
16 38
23 20

38 5
15
35 2
7 1
2 1
2 4
24 1
14 3
7 3
31 3
10 1
36 2
22 3
4 2
9 1
15 1
6 2
3 2

30 48
16
8 5
29 8
2 20
27 21
14 20
25 46
17 46
9 42
25 41
17 28
3 47
23 27
2 44
20 15
4 39
15 27
23 19

25 22
17
2 19
3 19
19 17
2 11
14 12
21 3
15 19
3 4
7 17
10 21
10 6
18 9
20 21
7 3
3 6
5 17
24 5
16 14

33 16
18
24 11
20 11
8 3
7 7
15 9
16 8
6 3
10 3
9 15
6 10
6 13
6 14
2 13
16 15
30 2
11 9
6 1
27 9
30 8

734 397
1
319 367
10 381

971 70
2
187 42
31 32
81 42

110 156
3
92 96
64 86
35 36
102 26

870 292
4
596 112
505 47
150 109
414 207
95 136

712 686
5
427 496
111 577
108 407
384 114
437 128
505 156

212 426
6
119 320
57 391
57 397
74 61
174 50
57 224
16 394

154 179
7
94 92
121 43
10 116
12 65
30 14
52 92
43 5
143 84

864 71
8
615 36
748 1
512 46
727 28
721 12
736 67
842 69
403 18
182 6

241 194
9
156 184
136 173
159 47
112 111
28 56
200 67
124 157
233 21
131 60
96 110

528 907
10
262 106
79 665
17 44
397 863
169 197
323 451
516 154
504 713
303 86
307 383
146 73

477 317
11
140 4
85 91
363 88
6 139
35 36
6 220
366 261
141 297
295 25
230 7
398 112
112 191

435 970
12
69 226
155 709
396 46
195 476
139 361
293 631
349 321
291 699
358 161
82 69
278 139
157 823
226 962

579 350
13
469 32
557 60
456 240
400 284
527 64
512 222
430 165
393 333
409 119
361 100
205 302
226 260
127 288
193 53

169 2
14
26 1
61 1
24 1
20 1
128 1
92 1
160 1
137 1
58 1
148 1
14 1
45 1
101 1
12 1
64 1

883 245
15
493 216
317 32
739 57
512 79
11 137
490 159
341 123
714 157
13 55
589 51
112 144
126 205
92 175
843 7
674 238
42 73

858 964
16
422 75
92 115
706 553
291 755
108 4
486 184
724 232
145 454
759 946
545 233
275 884
282 860
293 536
661 926
794 42
509 394
633 29

652 494
17
553 354
64 83
152 471
112 443
41 302
117 7
332 262
56 107
420 253
338 391
266 237
358 206
250 138
91 258
470 304
195 181
489 70
120 445

234 14
18
25 1
23 2
170 5
225 12
230 11
117 11
173 2
178 2
37 7
92 5
191 5
66 10
225 1
53 13
145 7
18 6
21 6
40 9
39 7

350 391
18
293 156
237 4
323 262
259 171
306 334
106 363
287 359
266 213
125 239
276 135
155 127
51 23
208 342
321 180
133 390
324 78
17 171
159 372
134 253

210 65
18
139 58
74 8
149 49
1 48
147 12
187 27
207 7
204 32
82 47
28 44
124 36
80 56
72 4
29 9
106 54
142 56
162 3
169 9
126 52

185 93
18
178 74
83 82
83 21
168 77
175 12
131 22
11 58
60 54
53 25
12 47
53 66
131 2
32 48
143 50
145 37
14 43
72 45
20 30
39 49

801 637
18
327 523
41 609
714 311
798 470
625 422
266 627
213 54
766 558
770 404
473 619
376 282
763 198
619 246
23 595
427 399
742 462
350 397
152 60
472 321

472 571
18
161 413
318 502
292 299
205 336
421 389
222 84
442 504
280 56
150 186
18 275
70 462
200 542
13 30
79 410
64 344
293 288
207 51
375 502
419 287

611 864
18
392 579
248 832
9 374
544 346
456 597
219 386
119 406
14 860
366 783
159 23
480 594
283 402
607 446
461 407
233 704
170 624
390 622
297 571
379 332

69 827
18
18 174
51 606
64 72
56 650
60 229
5 760
29 561
8 714
9 599
10 511
44 504
64 75
15 213
16 86
44 500
32 412
25 272
19 119
9 470

537 279
18
134 33
478 180
21 10
227 8
245 209
472 196
506 6
217 113
71 97
292 192
70 89
173 265
107 47
476 151
65 21
408 48
356 1
486 227
145 176

485 972
18
45 40
305 599
89 872
291 33
471 601
428 311
337 257
258 257
227 367
383 599
287 60
193 181
437 536
171 831
461 850
31 25
169 116
390 873
5 107

173 247
18
93 85
56 40
126 206
44 44
140 76
23 70
92 8
128 239
157 54
51 54
25 49
62 120
165 185
158 93
132 134
25 34
68 56
32 49
88 43

1000 1000
18
840 561
266 988
422 657
155 259
712 704
367 638
191 580
189 889
366 599
14 644
366 112
540 195
351 298
102 575
342 329
570 650
992 269
424 564
93 22

1000 1000
18
703 680
374 572
674 975
557 126
477 463
335 508
288 894
601 660
695 838
313 100
628 855
102 201
723 578
958 656
120 759
977 914
819 257
983 81
289 390

0 0