10
1 1
1 10
3 3
7 7
1000000 1000000 
1000000000 999999900
999999900 1000000000  
900000495 900001388
900000495 900001389
900000495 900001390
900000495 900001391
900000495 900001392
900000495 900001393
900000495 900001394
900000495 900001395
900000495 900001396
900000495 900001397
900000495 900001398
900000495 900001399
900000495 900001400
900000495 900001401
900000495 900001402
900000495 900001403
900000495 900001404
900000495 900001405
900000495 900001406
900000495 900001407
900000495 900001408
900000495 900001409
900000495 900001410
900000495 900001411
900000495 900001412
900000495 900001413
900000495 900001414
900000495 900001415
900000495 900001416
900000495 900001417
900000495 900001418
900000495 900001419
900000495 900001420
900000495 900001421
900000495 900001422
900000495 900001423
900000495 900001424
900000495 900001425
900000495 900001426
900000495 900001427
900000495 900001428
900000495 900001429
900000495 900001430
900000495 900001431
900000495 900001432
900000495 900001433
900000495 900001434
900000495 900001435
900000495 900001436
900000495 900001437
900000495 900001438
900000495 900001439
900000495 900001440
900000495 900001441
900000495 900001442
900000495 900001443
900000495 900001444
900000495 900001445
900000495 900001446
900000495 900001447
900000495 900001448
900000495 900001449
900000495 900001450
900000495 900001451
900000495 900001452
900000495 900001453
900000495 900001454
900000495 900001455
900000495 900001456
900000495 900001457
900000495 900001458
900000495 900001459
900000495 900001460
900000495 900001461
900000495 900001462
900000495 900001463
900000495 900001464
900000495 900001465
900000495 900001466
900000495 900001467
900000495 900001468
900000495 900001469
900000495 900001470
900000495 900001471
900000495 900001472
900000495 900001473
900000495 900001474
900000495 900001475
900000495 900001476
900000495 900001477
900000495 900001478
900000495 900001479
900000495 900001480
900000495 900001481
900000495 900001482
900000495 900001483
900000495 900001484
900000495 900001485
900000495 900001486
900000495 900001487
900000495 900001488
900000495 900001489
900000495 900001490
900000495 900001491
900000495 900001492
900000495 900001493
900000495 900001494
900000495 900001495
900000496 900000496
900000496 900000497
900000496 900000498
900000496 900000499
900000496 900000500
900000496 900000501
900000496 900000502
900000496 900000503
900000496 900000504
900000496 900000505
900000496 900000506
900000496 900000507
900000496 900000508
900000496 900000509
900000496 900000510
900000496 900000511
900000496 900000512
900000496 900000513
900000496 900000514
900000496 900000515
900000496 900000516
900000496 900000517
900000496 900000518
900000496 900000519
900000496 900000520
900000496 900000521
900000496 900000522
900000496 900000523
900000496 900000524
900000496 900000525
900000496 900000526
900000496 900000527
900000496 900000528
900000496 900000529
900000496 900000530
900000496 900000531
900000496 900000532
900000496 900000533
900000496 900000534
900000496 900000535
900000496 900000536
900000496 900000537
900000496 900000538
900000496 900000539
900000496 900000540
900000496 900000541
900000496 900000542
900000496 900000543
900000496 900000544
900000496 900000545
900000496 900000546
900000496 900000547
900000496 900000548
900000496 900000549
900000496 900000550
900000496 900000551
900000496 900000552
900000496 900000553
900000496 900000554
900000496 900000555
900000496 900000556
900000496 900000557
900000496 900000558
900000496 900000559
900000496 900000560
900000496 900000561
900000496 900000562
900000496 900000563
900000496 900000564
900000496 900000565
900000496 900000566
900000496 900000567
900000496 900000568
900000496 900000569
900000496 900000570
900000496 900000571
900000496 900000572
900000496 900000573
900000496 900000574
900000496 900000575
900000496 900000576
900000496 900000577
900000496 900000578
900000496 900000579
900000496 900000580
900000496 900000581
900000496 900000582
900000496 900000583
900000496 900000584
900000496 900000585
900000496 900000586
900000496 900000587
900000496 900000588
900000496 900000589
900000496 900000590
900000496 900000591
900000496 900000592
900000496 900000593
900000496 900000594
900000496 900000595
900000496 900000596
900000496 900000597
900000496 900000598
900000496 900000599
900000496 900000600
900000496 900000601
900000496 900000602
900000496 900000603
900000496 900000604
900000496 900000605
900000496 900000606
900000496 900000607
900000496 900000608
900000496 900000609
900000496 900000610
900000496 900000611
900000496 900000612
900000496 900000613
900000496 900000614
900000496 900000615
900000496 900000616
900000496 900000617
900000496 900000618
900000496 900000619
900000496 900000620
900000496 900000621
900000496 900000622
900000496 900000623
900000496 900000624
900000496 900000625
900000496 900000626
900000496 900000627
900000496 900000628
900000496 900000629
900000496 900000630
900000496 900000631
900000496 900000632
900000496 900000633
900000496 900000634
900000496 900000635
900000496 900000636
900000496 900000637
900000496 900000638
900000496 900000639
900000496 900000640
900000496 900000641
900000496 900000642
900000496 900000643
900000496 900000644
900000496 900000645
900000496 900000646
900000496 900000647
900000496 900000648
900000496 900000649
900000496 900000650
900000496 900000651
900000496 900000652
900000496 900000653
900000496 900000654
900000496 900000655
900000496 900000656
900000496 900000657
900000496 900000658
900000496 900000659
900000496 900000660
900000496 900000661
900000496 900000662
900000496 900000663
900000496 900000664
900000496 900000665
900000496 900000666
900000496 900000667
900000496 900000668
900000496 900000669
900000496 900000670
900000496 900000671
900000496 900000672
900000496 900000673
900000496 900000674
900000496 900000675
900000496 900000676
900000496 900000677
900000496 900000678
900000496 900000679
900000496 900000680
900000496 900000681
900000496 900000682
900000496 900000683
900000496 900000684
900000496 900000685
900000496 900000686
900000496 900000687
900000496 900000688
900000496 900000689
900000496 900000690
900000496 900000691
900000496 900000692
900000496 900000693
900000496 900000694
900000496 900000695
900000496 900000696
900000496 900000697
900000496 900000698
900000496 900000699
900000496 900000700
900000496 900000701
900000496 900000702
900000496 900000703
900000496 900000704
900000496 900000705
900000496 900000706
900000496 900000707
900000496 900000708
900000496 900000709
900000496 900000710
900000496 900000711
900000496 900000712
900000496 900000713
900000496 900000714
900000496 900000715
900000496 900000716
900000496 900000717
900000496 900000718
900000496 900000719
900000496 900000720
900000496 900000721
900000496 900000722
900000496 900000723
900000496 900000724
900000496 900000725
900000496 900000726
900000496 900000727
900000496 900000728
900000496 900000729
900000496 900000730
900000496 900000731
900000496 900000732
900000496 900000733
900000496 900000734
900000496 900000735
900000496 900000736
900000496 900000737
900000496 900000738
900000496 900000739
900000496 900000740
900000496 900000741
900000496 900000742
900000496 900000743
900000496 900000744
900000496 900000745
900000496 900000746
900000496 900000747
900000496 900000748
900000496 900000749
900000496 900000750
900000496 900000751
900000496 900000752
900000496 900000753
900000496 900000754
900000496 900000755
900000496 900000756
900000496 900000757
900000496 900000758
900000496 900000759
900000496 900000760
900000496 900000761
900000496 900000762
900000496 900000763
900000496 900000764
900000496 900000765
900000496 900000766
900000496 900000767
900000496 900000768
900000496 900000769
900000496 900000770
900000496 900000771
900000496 900000772
900000496 900000773
900000496 900000774
900000496 900000775
900000496 900000776
900000496 900000777
900000496 900000778
900000496 900000779
900000496 900000780
900000496 900000781
900000496 900000782
900000496 900000783
900000496 900000784
900000496 900000785
900000496 900000786
900000496 900000787
900000496 900000788
900000496 900000789
900000496 900000790
900000496 900000791
900000496 900000792
900000496 900000793
900000496 900000794
900000496 900000795
900000496 900000796
900000496 900000797
900000496 900000798
900000496 900000799
900000496 900000800
900000496 900000801
900000496 900000802
900000496 900000803
900000496 900000804
900000496 900000805
900000496 900000806
900000496 900000807
900000496 900000808
900000496 900000809
900000496 900000810
900000496 900000811
900000496 900000812
900000496 900000813
900000496 900000814
900000496 900000815
900000496 900000816
900000496 900000817
900000496 900000818
900000496 900000819
900000496 900000820
900000496 900000821
900000496 900000822
900000496 900000823
900000496 900000824
900000496 900000825
900000496 900000826
900000496 900000827
900000496 900000828
900000496 900000829
900000496 900000830
900000496 900000831
900000496 900000832
900000496 900000833
900000496 900000834
900000496 900000835
900000496 900000836
900000496 900000837
900000496 900000838
900000496 900000839
900000496 900000840
900000496 900000841
900000496 900000842
900000496 900000843
900000496 900000844
900000496 900000845
900000496 900000846
900000496 900000847
900000496 900000848
900000496 900000849
900000496 900000850
900000496 900000851
900000496 900000852
900000496 900000853
900000496 900000854
900000496 900000855
900000496 900000856
900000496 900000857
900000496 900000858
900000496 900000859
900000496 900000860
900000496 900000861
900000496 900000862
900000496 900000863
900000496 900000864
900000496 900000865
900000496 900000866
900000496 900000867
900000496 900000868
900000496 900000869
900000496 900000870
900000496 900000871
900000496 900000872
900000496 900000873
900000496 900000874
900000496 900000875
900000496 900000876
900000496 900000877
900000496 900000878
900000496 900000879
900000496 900000880
900000496 900000881
900000496 900000882
900000496 900000883
900000496 900000884
900000496 900000885
900000496 900000886
900000496 900000887
900000496 900000888
900000496 900000889
900000496 900000890
900000496 900000891
900000496 900000892
900000496 900000893
900000496 900000894
900000496 900000895
900000496 900000896
900000496 900000897
900000496 900000898
900000496 900000899
900000496 900000900
900000496 900000901
900000496 900000902
900000496 900000903
900000496 900000904
900000496 900000905
900000496 900000906
900000496 900000907
900000496 900000908
900000496 900000909
900000496 900000910
900000496 900000911
900000496 900000912
900000496 900000913
900000496 900000914
900000496 900000915
900000496 900000916
900000496 900000917
900000496 900000918
900000496 900000919
900000496 900000920
900000496 900000921
900000496 900000922
900000496 900000923
900000496 900000924
900000496 900000925
900000496 900000926
900000496 900000927
900000496 900000928
900000496 900000929
900000496 900000930
900000496 900000931
900000496 900000932
900000496 900000933
900000496 900000934
900000496 900000935
900000496 900000936
900000496 900000937
900000496 900000938
900000496 900000939
900000496 900000940
900000496 900000941
900000496 900000942
900000496 900000943
900000496 900000944
900000496 900000945
900000496 900000946
900000496 900000947
900000496 900000948
900000496 900000949
900000496 900000950
900000496 900000951
900000496 900000952
900000496 900000953
900000496 900000954
900000496 900000955
900000496 900000956
900000496 900000957
900000496 900000958
900000496 900000959
900000496 900000960
900000496 900000961
900000496 900000962
900000496 900000963
900000496 900000964
900000496 900000965
900000496 900000966
900000496 900000967
900000496 900000968
900000496 900000969
900000496 900000970
900000496 900000971
900000496 900000972
900000496 900000973
900000496 900000974
900000496 900000975
900000496 900000976
900000496 900000977
900000496 900000978
900000496 900000979
900000496 900000980
900000496 900000981
900000496 900000982
900000496 900000983
900000496 900000984
900000496 900000985
900000496 900000986
900000496 900000987
900000496 900000988
900000496 900000989
900000496 900000990
900000496 900000991
900000496 900000992
900000496 900000993
900000496 900000994
900000496 900000995
900000496 900000996
900000496 900000997
900000496 900000998
900000496 900000999
900000496 900001000
900000496 900001001
900000496 900001002
900000496 900001003
900000496 900001004
900000496 900001005
900000496 900001006
900000496 900001007
900000496 900001008
900000496 900001009
900000496 900001010
900000496 900001011
900000496 900001012
900000496 900001013
900000496 900001014
900000496 900001015
900000496 900001016
900000496 900001017
900000496 900001018
900000496 900001019
900000496 900001020
900000496 900001021
900000496 900001022
900000496 900001023
900000496 900001024
900000496 900001025
900000496 900001026
900000496 900001027
900000496 900001028
900000496 900001029
900000496 900001030
900000496 900001031
900000496 900001032
900000496 900001033
900000496 900001034
900000496 900001035
900000496 900001036
900000496 900001037
900000496 900001038
900000496 900001039
900000496 900001040
900000496 900001041
900000496 900001042
900000496 900001043
900000496 900001044
900000496 900001045
900000496 900001046
900000496 900001047
900000496 900001048
900000496 900001049
900000496 900001050
900000496 900001051
900000496 900001052
900000496 900001053
900000496 900001054
900000496 900001055
900000496 900001056
900000496 900001057
900000496 900001058
900000496 900001059
900000496 900001060
900000496 900001061
900000496 900001062
900000496 900001063
900000496 900001064
900000496 900001065
900000496 900001066
900000496 900001067
900000496 900001068
900000496 900001069
900000496 900001070
900000496 900001071
900000496 900001072
900000496 900001073
900000496 900001074
900000496 900001075
900000496 900001076
900000496 900001077
900000496 900001078
900000496 900001079
900000496 900001080
900000496 900001081
900000496 900001082
900000496 900001083
900000496 900001084
900000496 900001085
900000496 900001086
900000496 900001087
900000496 900001088
900000496 900001089
900000496 900001090
900000496 900001091
900000496 900001092
900000496 900001093
900000496 900001094
900000496 900001095
900000496 900001096
900000496 900001097
900000496 900001098
900000496 900001099
900000496 900001100
900000496 900001101
900000496 900001102
900000496 900001103
900000496 900001104
900000496 900001105
900000496 900001106
900000496 900001107
900000496 900001108
900000496 900001109
900000496 900001110
900000496 900001111
900000496 900001112
900000496 900001113
900000496 900001114
900000496 900001115
900000496 900001116
900000496 900001117
900000496 900001118
900000496 900001119
900000496 900001120
900000496 900001121
900000496 900001122
900000496 900001123
900000496 900001124
900000496 900001125
900000496 900001126
900000496 900001127
900000496 900001128
900000496 900001129
900000496 900001130
900000496 900001131
900000496 900001132
900000496 900001133
900000496 900001134
900000496 900001135
900000496 900001136
900000496 900001137
900000496 900001138
900000496 900001139
900000496 900001140
900000496 900001141
900000496 900001142
900000496 900001143
900000496 900001144
900000496 900001145
900000496 900001146
900000496 900001147
900000496 900001148
900000496 900001149
900000496 900001150
900000496 900001151
900000496 900001152
900000496 900001153
900000496 900001154
900000496 900001155
900000496 900001156
900000496 900001157
900000496 900001158
900000496 900001159
900000496 900001160
900000496 900001161
900000496 900001162
900000496 900001163
900000496 900001164
900000496 900001165
900000496 900001166
900000496 900001167
900000496 900001168
900000496 900001169
900000496 900001170
900000496 900001171
900000496 900001172
900000496 900001173
900000496 900001174
900000496 900001175
900000496 900001176
900000496 900001177
900000496 900001178
900000496 900001179
900000496 900001180
900000496 900001181
900000496 900001182
900000496 900001183
900000496 900001184
900000496 900001185
900000496 900001186
900000496 900001187
900000496 900001188
900000496 900001189
900000496 900001190
900000496 900001191
900000496 900001192
900000496 900001193
900000496 900001194
900000496 900001195
900000496 900001196
900000496 900001197
900000496 900001198
900000496 900001199
900000496 900001200
900000496 900001201
900000496 900001202
900000496 900001203
900000496 900001204
900000496 900001205
900000496 900001206
900000496 900001207
900000496 900001208
900000496 900001209
900000496 900001210
900000496 900001211
900000496 900001212
900000496 900001213
900000496 900001214
900000496 900001215
900000496 900001216
900000496 900001217
900000496 900001218
900000496 900001219
900000496 900001220
900000496 900001221
900000496 900001222
900000496 900001223
900000496 900001224
900000496 900001225
900000496 900001226
900000496 900001227
900000496 900001228
900000496 900001229
900000496 900001230
900000496 900001231
900000496 900001232
900000496 900001233
900000496 900001234
900000496 900001235
900000496 900001236
900000496 900001237
900000496 900001238
900000496 900001239
900000496 900001240
900000496 900001241
900000496 900001242
900000496 900001243
900000496 900001244
900000496 900001245
900000496 900001246
900000496 900001247
900000496 900001248
900000496 900001249
900000496 900001250
900000496 900001251
900000496 900001252
900000496 900001253
900000496 900001254
900000496 900001255
900000496 900001256
900000496 900001257
900000496 900001258
900000496 900001259
900000496 900001260
900000496 900001261
900000496 900001262
900000496 900001263
900000496 900001264
900000496 900001265
900000496 900001266
900000496 900001267
900000496 900001268
900000496 900001269
900000496 900001270
900000496 900001271
900000496 900001272
900000496 900001273
900000496 900001274
900000496 900001275
900000496 900001276
900000496 900001277
900000496 900001278
900000496 900001279
900000496 900001280
900000496 900001281
900000496 900001282
900000496 900001283
900000496 900001284
900000496 900001285
900000496 900001286
900000496 900001287
900000496 900001288
900000496 900001289
900000496 900001290
900000496 900001291
900000496 900001292
900000496 900001293
900000496 900001294
900000496 900001295
900000496 900001296
900000496 900001297
900000496 900001298
900000496 900001299
900000496 900001300
900000496 900001301
900000496 900001302
900000496 900001303
900000496 900001304
900000496 900001305
900000496 900001306
900000496 900001307
900000496 900001308
900000496 900001309
900000496 900001310
900000496 900001311
900000496 900001312
900000496 900001313
900000496 900001314
900000496 900001315
900000496 900001316
900000496 900001317
900000496 900001318
900000496 900001319
900000496 900001320
900000496 900001321
900000496 900001322
900000496 900001323
900000496 900001324
900000496 900001325
900000496 900001326
900000496 900001327
900000496 900001328
900000496 900001329
900000496 900001330
900000496 900001331
900000496 900001332
900000496 900001333
900000496 900001334
900000496 900001335
900000496 900001336
900000496 900001337
900000496 900001338
900000496 900001339
900000496 900001340
900000496 900001341
900000496 900001342
900000496 900001343
900000496 900001344
900000496 900001345
900000496 900001346
900000496 900001347
900000496 900001348
900000496 900001349
900000496 900001350
900000496 900001351
900000496 900001352
900000496 900001353
900000496 900001354
900000496 900001355
900000496 900001356
900000496 900001357
900000496 900001358
900000496 900001359
900000496 900001360
900000496 900001361
900000496 900001362
900000496 900001363
900000496 900001364
900000496 900001365
900000496 900001366
900000496 900001367
900000496 900001368
900000496 900001369
900000496 900001370
900000496 900001371
900000496 900001372
900000496 900001373
900000496 900001374
900000496 900001375
900000496 900001376
900000496 900001377
900000496 900001378
900000496 900001379
900000496 900001380
900000496 900001381
900000496 900001382
900000496 900001383
900000496 900001384
900000496 900001385
900000496 900001386
900000496 900001387
900000496 900001388
900000496 900001389
900000496 900001390
900000496 900001391
900000496 900001392
900000496 900001393
900000496 900001394
900000496 900001395
900000496 900001396
900000496 900001397
900000496 900001398
900000496 900001399
900000496 900001400
900000496 900001401
900000496 900001402
900000496 900001403
900000496 900001404
900000496 900001405
900000496 900001406
900000496 900001407
900000496 900001408
900000496 900001409
900000496 900001410
900000496 900001411
900000496 900001412
900000496 900001413
900000496 900001414
900000496 900001415
900000496 900001416
900000496 900001417
900000496 900001418
900000496 900001419
900000496 900001420
900000496 900001421
900000496 900001422
900000496 900001423
900000496 900001424
900000496 900001425
900000496 900001426
900000496 900001427
900000496 900001428
900000496 900001429
900000496 900001430
900000496 900001431
900000496 900001432
900000496 900001433
900000496 900001434
900000496 900001435
900000496 900001436
900000496 900001437
900000496 900001438
900000496 900001439
900000496 900001440
900000496 900001441
900000496 900001442
900000496 900001443
900000496 900001444
900000496 900001445
900000496 900001446
900000496 900001447
900000496 900001448
900000496 900001449
900000496 900001450
900000496 900001451
900000496 900001452
900000496 900001453
900000496 900001454
900000496 900001455
900000496 900001456
900000496 900001457
900000496 900001458
900000496 900001459
900000496 900001460
900000496 900001461
900000496 900001462
900000496 900001463
900000496 900001464
900000496 900001465
900000496 900001466
900000496 900001467
900000496 900001468
900000496 900001469
900000496 900001470
900000496 900001471
900000496 900001472
900000496 900001473
900000496 900001474
900000496 900001475
900000496 900001476
900000496 900001477
900000496 900001478
900000496 900001479
900000496 900001480
900000496 900001481
900000496 900001482
900000496 900001483
900000496 900001484
900000496 900001485
900000496 900001486
900000496 900001487
900000496 900001488
900000496 900001489
900000496 900001490
900000496 900001491
900000496 900001492
900000496 900001493
900000496 900001494
900000496 900001495
900000496 900001496
900000497 900000497
900000497 900000498
900000497 900000499
900000497 900000500
900000497 900000501
900000497 900000502
900000497 900000503
900000497 900000504
900000497 900000505
900000497 900000506
900000497 900000507
900000497 900000508
900000497 900000509
900000497 900000510
900000497 900000511
900000497 900000512
900000497 900000513
900000497 900000514
900000497 900000515
900000497 900000516
900000497 900000517
900000497 900000518
900000497 900000519
900000497 900000520
900000497 900000521
900000497 900000522
900000497 900000523
900000497 900000524
900000497 900000525
900000497 900000526
900000497 900000527
900000497 900000528
900000497 900000529
900000497 900000530
900000497 900000531
900000497 900000532
900000497 900000533
900000497 900000534
900000497 900000535
900000497 900000536
900000497 900000537
900000497 900000538
900000497 900000539
900000497 900000540
900000497 900000541
900000497 900000542
900000497 900000543
900000497 900000544
900000497 900000545
900000497 900000546
900000497 900000547
900000497 900000548
900000497 900000549
900000497 900000550
900000497 900000551
900000497 900000552
900000497 900000553
900000497 900000554
900000497 900000555
900000497 900000556
900000497 900000557
900000497 900000558
900000497 900000559
900000497 900000560
900000497 900000561
900000497 900000562
900000497 900000563
900000497 900000564
900000497 900000565
900000497 900000566
900000497 900000567
900000497 900000568
900000497 900000569
900000497 900000570
900000497 900000571
900000497 900000572
900000497 900000573
900000497 900000574
900000497 900000575
900000497 900000576
900000497 900000577
900000497 900000578
900000497 900000579
900000497 900000580
900000497 900000581
900000497 900000582
900000497 900000583
900000497 900000584
900000497 900000585
900000497 900000586
900000497 900000587
900000497 900000588
900000497 900000589
900000497 900000590
900000497 900000591
900000497 900000592
900000497 900000593
900000497 900000594
900000497 900000595
900000497 900000596
900000497 900000597
900000497 900000598
900000497 900000599
900000497 900000600
900000497 900000601
900000497 900000602
900000497 900000603
900000497 900000604
900000497 900000605
900000497 900000606
900000497 900000607
900000497 900000608
900000497 900000609
900000497 900000610
900000497 900000611
900000497 900000612
900000497 900000613
900000497 900000614
900000497 900000615
900000497 900000616
900000497 900000617
900000497 900000618
900000497 900000619
900000497 900000620
900000497 900000621
900000497 900000622
900000497 900000623
900000497 900000624
900000497 900000625
900000497 900000626
900000497 900000627
900000497 900000628
900000497 900000629
900000497 900000630
900000497 900000631
900000497 900000632
900000497 900000633
900000497 900000634
900000497 900000635
900000497 900000636
900000497 900000637
900000497 900000638
900000497 900000639
900000497 900000640
900000497 900000641
900000497 900000642
900000497 900000643
900000497 900000644
900000497 900000645
900000497 900000646
900000497 900000647
900000497 900000648
900000497 900000649
900000497 900000650
900000497 900000651
900000497 900000652
900000497 900000653
900000497 900000654
900000497 900000655
900000497 900000656
900000497 900000657
900000497 900000658
900000497 900000659
900000497 900000660
900000497 900000661
900000497 900000662
900000497 900000663
900000497 900000664
900000497 900000665
900000497 900000666
900000497 900000667
900000497 900000668
900000497 900000669
900000497 900000670
900000497 900000671
900000497 900000672
900000497 900000673
900000497 900000674
900000497 900000675
900000497 900000676
900000497 900000677
900000497 900000678
900000497 900000679
900000497 900000680
900000497 900000681
900000497 900000682
900000497 900000683
900000497 900000684
900000497 900000685
900000497 900000686
900000497 900000687
900000497 900000688
900000497 900000689
900000497 900000690
900000497 900000691
900000497 900000692
900000497 900000693
900000497 900000694
900000497 900000695
900000497 900000696
900000497 900000697
900000497 900000698
900000497 900000699
900000497 900000700
900000497 900000701
900000497 900000702
900000497 900000703
900000497 900000704
900000497 900000705
900000497 900000706
900000497 900000707
900000497 900000708
900000497 900000709
900000497 900000710
900000497 900000711
900000497 900000712
900000497 900000713
900000497 900000714
900000497 900000715
900000497 900000716
900000497 900000717
900000497 900000718
900000497 900000719
900000497 900000720
900000497 900000721
900000497 900000722
900000497 900000723
900000497 900000724
900000497 900000725
900000497 900000726
900000497 900000727
900000497 900000728
900000497 900000729
900000497 900000730
900000497 900000731
900000497 900000732
900000497 900000733
900000497 900000734
900000497 900000735
900000497 900000736
900000497 900000737
900000497 900000738
900000497 900000739
900000497 900000740
900000497 900000741
900000497 900000742
900000497 900000743
900000497 900000744
900000497 900000745
900000497 900000746
900000497 900000747
900000497 900000748
900000497 900000749
900000497 900000750
900000497 900000751
900000497 900000752
900000497 900000753
900000497 900000754
900000497 900000755
900000497 900000756
900000497 900000757
900000497 900000758
900000497 900000759
900000497 900000760
900000497 900000761
900000497 900000762
900000497 900000763
900000497 900000764
900000497 900000765
900000497 900000766
900000497 900000767
900000497 900000768
900000497 900000769
900000497 900000770
900000497 900000771
900000497 900000772
900000497 900000773
900000497 900000774
900000497 900000775
900000497 900000776
900000497 900000777
900000497 900000778
900000497 900000779
900000497 900000780
900000497 900000781
900000497 900000782
900000497 900000783
900000497 900000784
900000497 900000785
900000497 900000786
900000497 900000787
900000497 900000788
900000497 900000789
900000497 900000790
900000497 900000791
900000497 900000792
900000497 900000793
900000497 900000794
900000497 900000795
900000497 900000796
900000497 900000797
900000497 900000798
900000497 900000799
900000497 900000800
900000497 900000801
900000497 900000802
900000497 900000803
900000497 900000804
900000497 900000805
900000497 900000806
900000497 900000807
900000497 900000808
900000497 900000809
900000497 900000810
900000497 900000811
900000497 900000812
900000497 900000813
900000497 900000814
900000497 900000815
900000497 900000816
900000497 900000817
900000497 900000818
900000497 900000819
900000497 900000820
900000497 900000821
900000497 900000822
900000497 900000823
900000497 900000824
900000497 900000825
900000497 900000826
900000497 900000827
900000497 900000828
900000497 900000829
900000497 900000830
900000497 900000831
900000497 900000832
900000497 900000833
900000497 900000834
900000497 900000835
900000497 900000836
900000497 900000837
900000497 900000838
900000497 900000839
900000497 900000840
900000497 900000841
900000497 900000842
900000497 900000843
900000497 900000844
900000497 900000845
900000497 900000846
900000497 900000847
900000497 900000848
900000497 900000849
900000497 900000850
900000497 900000851
900000497 900000852
900000497 900000853
900000497 900000854
900000497 900000855
900000497 900000856
900000497 900000857
900000497 900000858
900000497 900000859
900000497 900000860
900000497 900000861
900000497 900000862
900000497 900000863
900000497 900000864
900000497 900000865
900000497 900000866
900000497 900000867
900000497 900000868
900000497 900000869
900000497 900000870
900000497 900000871
900000497 900000872
900000497 900000873
900000497 900000874
900000497 900000875
900000497 900000876
900000497 900000877
900000497 900000878
900000497 900000879
900000497 900000880
900000497 900000881
900000497 900000882
900000497 900000883
900000497 900000884
900000497 900000885
900000497 900000886
900000497 900000887
900000497 900000888
900000497 900000889
900000497 900000890
900000497 900000891
900000497 900000892
900000497 900000893
900000497 900000894
900000497 900000895
900000497 900000896
900000497 900000897
900000497 900000898
900000497 900000899
900000497 900000900
900000497 900000901
900000497 900000902
900000497 900000903
900000497 900000904
900000497 900000905
900000497 900000906
900000497 900000907
900000497 900000908
900000497 900000909
900000497 900000910
900000497 900000911
900000497 900000912
900000497 900000913
900000497 900000914
900000497 900000915
900000497 900000916
900000497 900000917
900000497 900000918
900000497 900000919
900000497 900000920
900000497 900000921
900000497 900000922
900000497 900000923
900000497 900000924
900000497 900000925
900000497 900000926
900000497 900000927
900000497 900000928
900000497 900000929
900000497 900000930
900000497 900000931
900000497 900000932
900000497 900000933
900000497 900000934
900000497 900000935
900000497 900000936
900000497 900000937
900000497 900000938
900000497 900000939
900000497 900000940
900000497 900000941
900000497 900000942
900000497 900000943
900000497 900000944
900000497 900000945
900000497 900000946
900000497 900000947
900000497 900000948
900000497 900000949
900000497 900000950
900000497 900000951
900000497 900000952
900000497 900000953
900000497 900000954
900000497 900000955
900000497 900000956
900000497 900000957
900000497 900000958
900000497 900000959
900000497 900000960
900000497 900000961
900000497 900000962
900000497 900000963
900000497 900000964
900000497 900000965
900000497 900000966
900000497 900000967
900000497 900000968
900000497 900000969
900000497 900000970
900000497 900000971
900000497 900000972
900000497 900000973
900000497 900000974
900000497 900000975
900000497 900000976
900000497 900000977
900000497 900000978
900000497 900000979
900000497 900000980
900000497 900000981
900000497 900000982
900000497 900000983
900000497 900000984
900000497 900000985
900000497 900000986
900000497 900000987
900000497 900000988
900000497 900000989
900000497 900000990
900000497 900000991
900000497 900000992
900000497 900000993
900000497 900000994
900000497 900000995
900000497 900000996
900000497 900000997
900000497 900000998
900000497 900000999
900000497 900001000
900000497 900001001
900000497 900001002
900000497 900001003
900000497 900001004
900000497 900001005
900000497 900001006
900000497 900001007
900000497 900001008
900000497 900001009
900000497 900001010
900000497 900001011
900000497 900001012
900000497 900001013
900000497 900001014
900000497 900001015
900000497 900001016
900000497 900001017
900000497 900001018
900000497 900001019
900000497 900001020
900000497 900001021
900000497 900001022
900000497 900001023
900000497 900001024
900000497 900001025
900000497 900001026
900000497 900001027
900000497 900001028
900000497 900001029
900000497 900001030
900000497 900001031
900000497 900001032
900000497 900001033
900000497 900001034
900000497 900001035
900000497 900001036
900000497 900001037
900000497 900001038
900000497 900001039
900000497 900001040
900000497 900001041
900000497 900001042
900000497 900001043
900000497 900001044
900000497 900001045
900000497 900001046
900000497 900001047
900000497 900001048
900000497 900001049
900000497 900001050
900000497 900001051
900000497 900001052
900000497 900001053
900000497 900001054
900000497 900001055
900000497 900001056
900000497 900001057
900000497 900001058
900000497 900001059
900000497 900001060
900000497 900001061
900000497 900001062
900000497 900001063
900000497 900001064
900000497 900001065
900000497 900001066
900000497 900001067
900000497 900001068
900000497 900001069
900000497 900001070
900000497 900001071
900000497 900001072
900000497 900001073
900000497 900001074
900000497 900001075
900000497 900001076
900000497 900001077
900000497 900001078
900000497 900001079
900000497 900001080
900000497 900001081
900000497 900001082
900000497 900001083
900000497 900001084
900000497 900001085
900000497 900001086
900000497 900001087
900000497 900001088
900000497 900001089
900000497 900001090
900000497 900001091
900000497 900001092
900000497 900001093
900000497 900001094
900000497 900001095
900000497 900001096
900000497 900001097
900000497 900001098
900000497 900001099
900000497 900001100
900000497 900001101
900000497 900001102
900000497 900001103
900000497 900001104
900000497 900001105
900000497 900001106
900000497 900001107
900000497 900001108
900000497 900001109
900000497 900001110
900000497 900001111
900000497 900001112
900000497 900001113
900000497 900001114
900000497 900001115
900000497 900001116
900000497 900001117
900000497 900001118
900000497 900001119
900000497 900001120
900000497 900001121
900000497 900001122
900000497 900001123
900000497 900001124
900000497 900001125
900000497 900001126
900000497 900001127
900000497 900001128
900000497 900001129
900000497 900001130
900000497 900001131
900000497 900001132
900000497 900001133
900000497 900001134
900000497 900001135
900000497 900001136
900000497 900001137
900000497 900001138
900000497 900001139
900000497 900001140
900000497 900001141
900000497 900001142
900000497 900001143
900000497 900001144
900000497 900001145
900000497 900001146
900000497 900001147
900000497 900001148
900000497 900001149
900000497 900001150
900000497 900001151
900000497 900001152
900000497 900001153
900000497 900001154
900000497 900001155
900000497 900001156
900000497 900001157
900000497 900001158
900000497 900001159
900000497 900001160
900000497 900001161
900000497 900001162
900000497 900001163
900000497 900001164
900000497 900001165
900000497 900001166
900000497 900001167
900000497 900001168
900000497 900001169
900000497 900001170
900000497 900001171
900000497 900001172
900000497 900001173
900000497 900001174
900000497 900001175
900000497 900001176
900000497 900001177
900000497 900001178
900000497 900001179
900000497 900001180
900000497 900001181
900000497 900001182
900000497 900001183
900000497 900001184
900000497 900001185
900000497 900001186
900000497 900001187
900000497 900001188
900000497 900001189
900000497 900001190
900000497 900001191
900000497 900001192
900000497 900001193
900000497 900001194
900000497 900001195
900000497 900001196
900000497 900001197
900000497 900001198
900000497 900001199
900000497 900001200
900000497 900001201
900000497 900001202
900000497 900001203
900000497 900001204
900000497 900001205
900000497 900001206
900000497 900001207
900000497 900001208
900000497 900001209
900000497 900001210
900000497 900001211
900000497 900001212
900000497 900001213
900000497 900001214
900000497 900001215
900000497 900001216
900000497 900001217
900000497 900001218
900000497 900001219
900000497 900001220
900000497 900001221
900000497 900001222
900000497 900001223
900000497 900001224
900000497 900001225
900000497 900001226
900000497 900001227
900000497 900001228
900000497 900001229
900000497 900001230
900000497 900001231
900000497 900001232
900000497 900001233
900000497 900001234
900000497 900001235
900000497 900001236
900000497 900001237
900000497 900001238
900000497 900001239
900000497 900001240
900000497 900001241
900000497 900001242
900000497 900001243
900000497 900001244
900000497 900001245
900000497 900001246
900000497 900001247
900000497 900001248
900000497 900001249
900000497 900001250
900000497 900001251
900000497 900001252
900000497 900001253
900000497 900001254
900000497 900001255
900000497 900001256
900000497 900001257
900000497 900001258
900000497 900001259
900000497 900001260
900000497 900001261
900000497 900001262
900000497 900001263
900000497 900001264
900000497 900001265
900000497 900001266
900000497 900001267
900000497 900001268
900000497 900001269
900000497 900001270
900000497 900001271
900000497 900001272
900000497 900001273
900000497 900001274
900000497 900001275
900000497 900001276
900000497 900001277
900000497 900001278
900000497 900001279
900000497 900001280
900000497 900001281
900000497 900001282
900000497 900001283
900000497 900001284
900000497 900001285
900000497 900001286
900000497 900001287
900000497 900001288
900000497 900001289
900000497 900001290
900000497 900001291
900000497 900001292
900000497 900001293
900000497 900001294
900000497 900001295
900000497 900001296
900000497 900001297
900000497 900001298
900000497 900001299
900000497 900001300
900000497 900001301
900000497 900001302
900000497 900001303
900000497 900001304
900000497 900001305
900000497 900001306
900000497 900001307
900000497 900001308
900000497 900001309
900000497 900001310
900000497 900001311
900000497 900001312
900000497 900001313
900000497 900001314
900000497 900001315
900000497 900001316
900000497 900001317
900000497 900001318
900000497 900001319
900000497 900001320
900000497 900001321
900000497 900001322
900000497 900001323
900000497 900001324
900000497 900001325
900000497 900001326
900000497 900001327
900000497 900001328
900000497 900001329
900000497 900001330
900000497 900001331
900000497 900001332
900000497 900001333
900000497 900001334
900000497 900001335
900000497 900001336
900000497 900001337
900000497 900001338
900000497 900001339
900000497 900001340
900000497 900001341
900000497 900001342
900000497 900001343
900000497 900001344
900000497 900001345
900000497 900001346
900000497 900001347
900000497 900001348
900000497 900001349
900000497 900001350
900000497 900001351
900000497 900001352
900000497 900001353
900000497 900001354
900000497 900001355
900000497 900001356
900000497 900001357
900000497 900001358
900000497 900001359
900000497 900001360
900000497 900001361
900000497 900001362
900000497 900001363
900000497 900001364
900000497 900001365
900000497 900001366
900000497 900001367
900000497 900001368
900000497 900001369
900000497 900001370
900000497 900001371
900000497 900001372
900000497 900001373
900000497 900001374
900000497 900001375
900000497 900001376
900000497 900001377
900000497 900001378
900000497 900001379
900000497 900001380
900000497 900001381
900000497 900001382
900000497 900001383
900000497 900001384
900000497 900001385
900000497 900001386
900000497 900001387
900000497 900001388
900000497 900001389
900000497 900001390
900000497 900001391
900000497 900001392
900000497 900001393
900000497 900001394
900000497 900001395
900000497 900001396
900000497 900001397
900000497 900001398
900000497 900001399
900000497 900001400
900000497 900001401
900000497 900001402
900000497 900001403
900000497 900001404
900000497 900001405
900000497 900001406
900000497 900001407
900000497 900001408
900000497 900001409
900000497 900001410
900000497 900001411
900000497 900001412
900000497 900001413
900000497 900001414
900000497 900001415
900000497 900001416
900000497 900001417
900000497 900001418
900000497 900001419
900000497 900001420
900000497 900001421
900000497 900001422
900000497 900001423
900000497 900001424
900000497 900001425
900000497 900001426
900000497 900001427
900000497 900001428
900000497 900001429
900000497 900001430
900000497 900001431
900000497 900001432
900000497 900001433
900000497 900001434
900000497 900001435
900000497 900001436
900000497 900001437
900000497 900001438
900000497 900001439
900000497 900001440
900000497 900001441
900000497 900001442
900000497 900001443
900000497 900001444
900000497 900001445
900000497 900001446
900000497 900001447
900000497 900001448
900000497 900001449
900000497 900001450
900000497 900001451
900000497 900001452
900000497 900001453
900000497 900001454
900000497 900001455
900000497 900001456
900000497 900001457
900000497 900001458
900000497 900001459
900000497 900001460
900000497 900001461
900000497 900001462
900000497 900001463
900000497 900001464
900000497 900001465
900000497 900001466
900000497 900001467
900000497 900001468
900000497 900001469
900000497 900001470
900000497 900001471
900000497 900001472
900000497 900001473
900000497 900001474
900000497 900001475
900000497 900001476
900000497 900001477
900000497 900001478
900000497 900001479
900000497 900001480
900000497 900001481
900000497 900001482
900000497 900001483
900000497 900001484
900000497 900001485
900000497 900001486
900000497 900001487
900000497 900001488
900000497 900001489
900000497 900001490
900000497 900001491
900000497 900001492
900000497 900001493
900000497 900001494
900000497 900001495
900000497 900001496
900000497 900001497
900000498 900000498
900000498 900000499
900000498 900000500
900000498 900000501
900000498 900000502
900000498 900000503
900000498 900000504
900000498 900000505
900000498 900000506
900000498 900000507
900000498 900000508
900000498 900000509
900000498 900000510
900000498 900000511
900000498 900000512
900000498 900000513
900000498 900000514
900000498 900000515
900000498 900000516
900000498 900000517
900000498 900000518
900000498 900000519
900000498 900000520
900000498 900000521
900000498 900000522
900000498 900000523
900000498 900000524
900000498 900000525
900000498 900000526
900000498 900000527
900000498 900000528
900000498 900000529
900000498 900000530
900000498 900000531
900000498 900000532
900000498 900000533
900000498 900000534
900000498 900000535
900000498 900000536
900000498 900000537
900000498 900000538
900000498 900000539
900000498 900000540
900000498 900000541
900000498 900000542
900000498 900000543
900000498 900000544
900000498 900000545
900000498 900000546
900000498 900000547
900000498 900000548
900000498 900000549
900000498 900000550
900000498 900000551
900000498 900000552
900000498 900000553
900000498 900000554
900000498 900000555
900000498 900000556
900000498 900000557
900000498 900000558
900000498 900000559
900000498 900000560
900000498 900000561
900000498 900000562
900000498 900000563
900000498 900000564
900000498 900000565
900000498 900000566
900000498 900000567
900000498 900000568
900000498 900000569
900000498 900000570
900000498 900000571
900000498 900000572
900000498 900000573
900000498 900000574
900000498 900000575
900000498 900000576
900000498 900000577
900000498 900000578
900000498 900000579
900000498 900000580
900000498 900000581
900000498 900000582
900000498 900000583
900000498 900000584
900000498 900000585
900000498 900000586
900000498 900000587
900000498 900000588
900000498 900000589
900000498 900000590
900000498 900000591
900000498 900000592
900000498 900000593
900000498 900000594
900000498 900000595
900000498 900000596
900000498 900000597
900000498 900000598
900000498 900000599
900000498 900000600
900000498 900000601
900000498 900000602
900000498 900000603
900000498 900000604
900000498 900000605
900000498 900000606
900000498 900000607
900000498 900000608
900000498 900000609
900000498 900000610
900000498 900000611
900000498 900000612
900000498 900000613
900000498 900000614
900000498 900000615
900000498 900000616
900000498 900000617
900000498 900000618
900000498 900000619
900000498 900000620
900000498 900000621
900000498 900000622
900000498 900000623
900000498 900000624
900000498 900000625
900000498 900000626
900000498 900000627
900000498 900000628
900000498 900000629
900000498 900000630
900000498 900000631
900000498 900000632
900000498 900000633
900000498 900000634
900000498 900000635
900000498 900000636
900000498 900000637
900000498 900000638
900000498 900000639
900000498 900000640
900000498 900000641
900000498 900000642
900000498 900000643
900000498 900000644
900000498 900000645
900000498 900000646
900000498 900000647
900000498 900000648
900000498 900000649
900000498 900000650
900000498 900000651
900000498 900000652
900000498 900000653
900000498 900000654
900000498 900000655
900000498 900000656
900000498 900000657
900000498 900000658
900000498 900000659
900000498 900000660
900000498 900000661
900000498 900000662
900000498 900000663
900000498 900000664
900000498 900000665
900000498 900000666
900000498 900000667
900000498 900000668
900000498 900000669
900000498 900000670
900000498 900000671
900000498 900000672
900000498 900000673
900000498 900000674
900000498 900000675
900000498 900000676
900000498 900000677
900000498 900000678
900000498 900000679
900000498 900000680
900000498 900000681
900000498 900000682
900000498 900000683
900000498 900000684
900000498 900000685
900000498 900000686
900000498 900000687
900000498 900000688
900000498 900000689
900000498 900000690
900000498 900000691
900000498 900000692
900000498 900000693
900000498 900000694
900000498 900000695
900000498 900000696
900000498 900000697
900000498 900000698
900000498 900000699
900000498 900000700
900000498 900000701
900000498 900000702
900000498 900000703
900000498 900000704
900000498 900000705
900000498 900000706
900000498 900000707
900000498 900000708
900000498 900000709
900000498 900000710
900000498 900000711
900000498 900000712
900000498 900000713
900000498 900000714
900000498 900000715
900000498 900000716
900000498 900000717
900000498 900000718
900000498 900000719
900000498 900000720
900000498 900000721
900000498 900000722
900000498 900000723
900000498 900000724
900000498 900000725
900000498 900000726
900000498 900000727
900000498 900000728
900000498 900000729
900000498 900000730
900000498 900000731
900000498 900000732
900000498 900000733
900000498 900000734
900000498 900000735
900000498 900000736
900000498 900000737
900000498 900000738
900000498 900000739
900000498 900000740
900000498 900000741
900000498 900000742
900000498 900000743
900000498 900000744
900000498 900000745
900000498 900000746
900000498 900000747
900000498 900000748
900000498 900000749
900000498 900000750
900000498 900000751
900000498 900000752
900000498 900000753
900000498 900000754
900000498 900000755
900000498 900000756
900000498 900000757
900000498 900000758
900000498 900000759
900000498 900000760
900000498 900000761
900000498 900000762
900000498 900000763
900000498 900000764
900000498 900000765
900000498 900000766
900000498 900000767
900000498 900000768
900000498 900000769
900000498 900000770
900000498 900000771
900000498 900000772
900000498 900000773
900000498 900000774
900000498 900000775
900000498 900000776
900000498 900000777
900000498 900000778
900000498 900000779
900000498 900000780
900000498 900000781
900000498 900000782
900000498 900000783
900000498 900000784
900000498 900000785
900000498 900000786
900000498 900000787
900000498 900000788
900000498 900000789
900000498 900000790
900000498 900000791
900000498 900000792
900000498 900000793
900000498 900000794
900000498 900000795
900000498 900000796
900000498 900000797
900000498 900000798
900000498 900000799
900000498 900000800
900000498 900000801
900000498 900000802
900000498 900000803
900000498 900000804
900000498 900000805
900000498 900000806
900000498 900000807
900000498 900000808
900000498 900000809
900000498 900000810
900000498 900000811
900000498 900000812
900000498 900000813
900000498 900000814
900000498 900000815
900000498 900000816
900000498 900000817
900000498 900000818
900000498 900000819
900000498 900000820
900000498 900000821
900000498 900000822
900000498 900000823
900000498 900000824
900000498 900000825
900000498 900000826
900000498 900000827
900000498 900000828
900000498 900000829
900000498 900000830
900000498 900000831
900000498 900000832
900000498 900000833
900000498 900000834
900000498 900000835
900000498 900000836
900000498 900000837
900000498 900000838
900000498 900000839
900000498 900000840
900000498 900000841
900000498 900000842
900000498 900000843
900000498 900000844
900000498 900000845
900000498 900000846
900000498 900000847
900000498 900000848
900000498 900000849
900000498 900000850
900000498 900000851
900000498 900000852
900000498 900000853
900000498 900000854
900000498 900000855
900000498 900000856
900000498 900000857
900000498 900000858
900000498 900000859
900000498 900000860
900000498 900000861
900000498 900000862
900000498 900000863
900000498 900000864
900000498 900000865
900000498 900000866
900000498 900000867
900000498 900000868
900000498 900000869
900000498 900000870
900000498 900000871
900000498 900000872
900000498 900000873
900000498 900000874
900000498 900000875
900000498 900000876
900000498 900000877
900000498 900000878
900000498 900000879
900000498 900000880
900000498 900000881
900000498 900000882
900000498 900000883
900000498 900000884
900000498 900000885
900000498 900000886
900000498 900000887
900000498 900000888
900000498 900000889
900000498 900000890
900000498 900000891
900000498 900000892
900000498 900000893
900000498 900000894
900000498 900000895
900000498 900000896
900000498 900000897
900000498 900000898
900000498 900000899
900000498 900000900
900000498 900000901
900000498 900000902
900000498 900000903
900000498 900000904
900000498 900000905
900000498 900000906
900000498 900000907
900000498 900000908
900000498 900000909
900000498 900000910
900000498 900000911
900000498 900000912
900000498 900000913
900000498 900000914
900000498 900000915
900000498 900000916
900000498 900000917
900000498 900000918
900000498 900000919
900000498 900000920
900000498 900000921
900000498 900000922
900000498 900000923
900000498 900000924
900000498 900000925
900000498 900000926
900000498 900000927
900000498 900000928
900000498 900000929
900000498 900000930
900000498 900000931
900000498 900000932
900000498 900000933
900000498 900000934
900000498 900000935
900000498 900000936
900000498 900000937
900000498 900000938
900000498 900000939
900000498 900000940
900000498 900000941
900000498 900000942
900000498 900000943
900000498 900000944
900000498 900000945
900000498 900000946
900000498 900000947
900000498 900000948
900000498 900000949
900000498 900000950
900000498 900000951
900000498 900000952
900000498 900000953
900000498 900000954
900000498 900000955
900000498 900000956
900000498 900000957
900000498 900000958
900000498 900000959
900000498 900000960
900000498 900000961
900000498 900000962
900000498 900000963
900000498 900000964
900000498 900000965
900000498 900000966
900000498 900000967
900000498 900000968
900000498 900000969
900000498 900000970
900000498 900000971
900000498 900000972
900000498 900000973
900000498 900000974
900000498 900000975
900000498 900000976
900000498 900000977
900000498 900000978
900000498 900000979
900000498 900000980
900000498 900000981
900000498 900000982
900000498 900000983
900000498 900000984
900000498 900000985
900000498 900000986
900000498 900000987
900000498 900000988
900000498 900000989
900000498 900000990
900000498 900000991
900000498 900000992
900000498 900000993
900000498 900000994
900000498 900000995
900000498 900000996
900000498 900000997
900000498 900000998
900000498 900000999
900000498 900001000
900000498 900001001
900000498 900001002
900000498 900001003
900000498 900001004
900000498 900001005
900000498 900001006
900000498 900001007
900000498 900001008
900000498 900001009
900000498 900001010
900000498 900001011
900000498 900001012
900000498 900001013
900000498 900001014
900000498 900001015
900000498 900001016
900000498 900001017
900000498 900001018
900000498 900001019
900000498 900001020
900000498 900001021
900000498 900001022
900000498 900001023
900000498 900001024
900000498 900001025
900000498 900001026
900000498 900001027
900000498 900001028
900000498 900001029
900000498 900001030
900000498 900001031
900000498 900001032
900000498 900001033
900000498 900001034
900000498 900001035
900000498 900001036
900000498 900001037
900000498 900001038
900000498 900001039
900000498 900001040
900000498 900001041
900000498 900001042
900000498 900001043
900000498 900001044
900000498 900001045
900000498 900001046
900000498 900001047
900000498 900001048
900000498 900001049
900000498 900001050
900000498 900001051
900000498 900001052
900000498 900001053
900000498 900001054
900000498 900001055
900000498 900001056
900000498 900001057
900000498 900001058
900000498 900001059
900000498 900001060
900000498 900001061
900000498 900001062
900000498 900001063
900000498 900001064
900000498 900001065
900000498 900001066
900000498 900001067
900000498 900001068
900000498 900001069
900000498 900001070
900000498 900001071
900000498 900001072
900000498 900001073
900000498 900001074
900000498 900001075
900000498 900001076
900000498 900001077
900000498 900001078
900000498 900001079
900000498 900001080
900000498 900001081
900000498 900001082
900000498 900001083
900000498 900001084
900000498 900001085
900000498 900001086
900000498 900001087
900000498 900001088
900000498 900001089
900000498 900001090
900000498 900001091
900000498 900001092
900000498 900001093
900000498 900001094
900000498 900001095
900000498 900001096
900000498 900001097
900000498 900001098
900000498 900001099
900000498 900001100
900000498 900001101
900000498 900001102
900000498 900001103
900000498 900001104
900000498 900001105
900000498 900001106
900000498 900001107
900000498 900001108
900000498 900001109
900000498 900001110
900000498 900001111
900000498 900001112
900000498 900001113
900000498 900001114
900000498 900001115
900000498 900001116
900000498 900001117
900000498 900001118
900000498 900001119
900000498 900001120
900000498 900001121
900000498 900001122
900000498 900001123
900000498 900001124
900000498 900001125
900000498 900001126
900000498 900001127
900000498 900001128
900000498 900001129
900000498 900001130
900000498 900001131
900000498 900001132
900000498 900001133
900000498 900001134
900000498 900001135
900000498 900001136
900000498 900001137
900000498 900001138
900000498 900001139
900000498 900001140
900000498 900001141
900000498 900001142
900000498 900001143
900000498 900001144
900000498 900001145
900000498 900001146
900000498 900001147
900000498 900001148
900000498 900001149
900000498 900001150
900000498 900001151
900000498 900001152
900000498 900001153
900000498 900001154
900000498 900001155
900000498 900001156
900000498 900001157
900000498 900001158
900000498 900001159
900000498 900001160
900000498 900001161
900000498 900001162
900000498 900001163
900000498 900001164
900000498 900001165
900000498 900001166
900000498 900001167
900000498 900001168
900000498 900001169
900000498 900001170
900000498 900001171
900000498 900001172
900000498 900001173
900000498 900001174
900000498 900001175
900000498 900001176
900000498 900001177
900000498 900001178
900000498 900001179
900000498 900001180
900000498 900001181
900000498 900001182
900000498 900001183
900000498 900001184
900000498 900001185
900000498 900001186
900000498 900001187
900000498 900001188
900000498 900001189
900000498 900001190
900000498 900001191
900000498 900001192
900000498 900001193
900000498 900001194
900000498 900001195
900000498 900001196
900000498 900001197
900000498 900001198
900000498 900001199
900000498 900001200
900000498 900001201
900000498 900001202
900000498 900001203
900000498 900001204
900000498 900001205
900000498 900001206
900000498 900001207
900000498 900001208
900000498 900001209
900000498 900001210
900000498 900001211
900000498 900001212
900000498 900001213
900000498 900001214
900000498 900001215
900000498 900001216
900000498 900001217
900000498 900001218
900000498 900001219
900000498 900001220
900000498 900001221
900000498 900001222
900000498 900001223
900000498 900001224
900000498 900001225
900000498 900001226
900000498 900001227
900000498 900001228
900000498 900001229
900000498 900001230
900000498 900001231
900000498 900001232
900000498 900001233
900000498 900001234
900000498 900001235
900000498 900001236
900000498 900001237
900000498 900001238
900000498 900001239
900000498 900001240
900000498 900001241
900000498 900001242
900000498 900001243
900000498 900001244
900000498 900001245
900000498 900001246
900000498 900001247
900000498 900001248
900000498 900001249
900000498 900001250
900000498 900001251
900000498 900001252
900000498 900001253
900000498 900001254
900000498 900001255
900000498 900001256
900000498 900001257
900000498 900001258
900000498 900001259
900000498 900001260
900000498 900001261
900000498 900001262
900000498 900001263
900000498 900001264
900000498 900001265
900000498 900001266
900000498 900001267
900000498 900001268
900000498 900001269
900000498 900001270
900000498 900001271
900000498 900001272
900000498 900001273
900000498 900001274
900000498 900001275
900000498 900001276
900000498 900001277
900000498 900001278
900000498 900001279
900000498 900001280
900000498 900001281
900000498 900001282
900000498 900001283
900000498 900001284
900000498 900001285
900000498 900001286
900000498 900001287
900000498 900001288
900000498 900001289
900000498 900001290
900000498 900001291
900000498 900001292
900000498 900001293
900000498 900001294
900000498 900001295
900000498 900001296
900000498 900001297
900000498 900001298
900000498 900001299
900000498 900001300
900000498 900001301
900000498 900001302
900000498 900001303
900000498 900001304
900000498 900001305
900000498 900001306
900000498 900001307
900000498 900001308
900000498 900001309
900000498 900001310
900000498 900001311
900000498 900001312
900000498 900001313
900000498 900001314
900000498 900001315
900000498 900001316
900000498 900001317
900000498 900001318
900000498 900001319
900000498 900001320
900000498 900001321
900000498 900001322
900000498 900001323
900000498 900001324
900000498 900001325
900000498 900001326
900000498 900001327
900000498 900001328
900000498 900001329
900000498 900001330
900000498 900001331
900000498 900001332
900000498 900001333
900000498 900001334
900000498 900001335
900000498 900001336
900000498 900001337
900000498 900001338
900000498 900001339
900000498 900001340
900000498 900001341
900000498 900001342
900000498 900001343
900000498 900001344
900000498 900001345
900000498 900001346
900000498 900001347
900000498 900001348
900000498 900001349
900000498 900001350
900000498 900001351
900000498 900001352
900000498 900001353
900000498 900001354
900000498 900001355
900000498 900001356
900000498 900001357
900000498 900001358
900000498 900001359
900000498 900001360
900000498 900001361
900000498 900001362
900000498 900001363
900000498 900001364
900000498 900001365
900000498 900001366
900000498 900001367
900000498 900001368
900000498 900001369
900000498 900001370
900000498 900001371
900000498 900001372
900000498 900001373
900000498 900001374
900000498 900001375
900000498 900001376
900000498 900001377
900000498 900001378
900000498 900001379
900000498 900001380
900000498 900001381
900000498 900001382
900000498 900001383
900000498 900001384
900000498 900001385
900000498 900001386
900000498 900001387
900000498 900001388
900000498 900001389
900000498 900001390
900000498 900001391
900000498 900001392
900000498 900001393
900000498 900001394
900000498 900001395
900000498 900001396
900000498 900001397
900000498 900001398
900000498 900001399
900000498 900001400
900000498 900001401
900000498 900001402
900000498 900001403
900000498 900001404
900000498 900001405
900000498 900001406
900000498 900001407
900000498 900001408
900000498 900001409
900000498 900001410
900000498 900001411
900000498 900001412
900000498 900001413
900000498 900001414
900000498 900001415
900000498 900001416
900000498 900001417
900000498 900001418
900000498 900001419
900000498 900001420
900000498 900001421
900000498 900001422
900000498 900001423
900000498 900001424
900000498 900001425
900000498 900001426
900000498 900001427
900000498 900001428
900000498 900001429
900000498 900001430
900000498 900001431
900000498 900001432
900000498 900001433
900000498 900001434
900000498 900001435
900000498 900001436
900000498 900001437
900000498 900001438
900000498 900001439
900000498 900001440
900000498 900001441
900000498 900001442
900000498 900001443
900000498 900001444
900000498 900001445
900000498 900001446
900000498 900001447
900000498 900001448
900000498 900001449
900000498 900001450
900000498 900001451
900000498 900001452
900000498 900001453
900000498 900001454
900000498 900001455
900000498 900001456
900000498 900001457
900000498 900001458
900000498 900001459
900000498 900001460
900000498 900001461
900000498 900001462
900000498 900001463
900000498 900001464
900000498 900001465
900000498 900001466
900000498 900001467
900000498 900001468
900000498 900001469
900000498 900001470
900000498 900001471
900000498 900001472
900000498 900001473
900000498 900001474
900000498 900001475
900000498 900001476
900000498 900001477
900000498 900001478
900000498 900001479
900000498 900001480
900000498 900001481
900000498 900001482
900000498 900001483
900000498 900001484
900000498 900001485
900000498 900001486
900000498 900001487
900000498 900001488
900000498 900001489
900000498 900001490
900000498 900001491
900000498 900001492
900000498 900001493
900000498 900001494
900000498 900001495
900000498 900001496
900000498 900001497
900000498 900001498
900000499 900000499
900000499 900000500
900000499 900000501
900000499 900000502
900000499 900000503
900000499 900000504
900000499 900000505
900000499 900000506
900000499 900000507
900000499 900000508
900000499 900000509
900000499 900000510
900000499 900000511
900000499 900000512
900000499 900000513
900000499 900000514
900000499 900000515
900000499 900000516
900000499 900000517
900000499 900000518
900000499 900000519
900000499 900000520
900000499 900000521
900000499 900000522
900000499 900000523
900000499 900000524
900000499 900000525
900000499 900000526
900000499 900000527
900000499 900000528
900000499 900000529
900000499 900000530
900000499 900000531
900000499 900000532
900000499 900000533
900000499 900000534
900000499 900000535
900000499 900000536
900000499 900000537
900000499 900000538
900000499 900000539
900000499 900000540
900000499 900000541
900000499 900000542
900000499 900000543
900000499 900000544
900000499 900000545
900000499 900000546
900000499 900000547
900000499 900000548
900000499 900000549
900000499 900000550
900000499 900000551
900000499 900000552
900000499 900000553
900000499 900000554
900000499 900000555
900000499 900000556
900000499 900000557
900000499 900000558
900000499 900000559
900000499 900000560
900000499 900000561
900000499 900000562
900000499 900000563
900000499 900000564
900000499 900000565
900000499 900000566
900000499 900000567
900000499 900000568
900000499 900000569
900000499 900000570
900000499 900000571
900000499 900000572
900000499 900000573
900000499 900000574
900000499 900000575
900000499 900000576
900000499 900000577
900000499 900000578
900000499 900000579
900000499 900000580
900000499 900000581
900000499 900000582
900000499 900000583
900000499 900000584
900000499 900000585
900000499 900000586
900000499 900000587
900000499 900000588
900000499 900000589
900000499 900000590
900000499 900000591
900000499 900000592
900000499 900000593
900000499 900000594
900000499 900000595
900000499 900000596
900000499 900000597
900000499 900000598
900000499 900000599
900000499 900000600
900000499 900000601
900000499 900000602
900000499 900000603
900000499 900000604
900000499 900000605
900000499 900000606
900000499 900000607
900000499 900000608
900000499 900000609
900000499 900000610
900000499 900000611
900000499 900000612
900000499 900000613
900000499 900000614
900000499 900000615
900000499 900000616
900000499 900000617
900000499 900000618
900000499 900000619
900000499 900000620
900000499 900000621
900000499 900000622
900000499 900000623
900000499 900000624
900000499 900000625
900000499 900000626
900000499 900000627
900000499 900000628
900000499 900000629
900000499 900000630
900000499 900000631
900000499 900000632
900000499 900000633
900000499 900000634
900000499 900000635
900000499 900000636
900000499 900000637
900000499 900000638
900000499 900000639
900000499 900000640
900000499 900000641
900000499 900000642
900000499 900000643
900000499 900000644
900000499 900000645
900000499 900000646
900000499 900000647
900000499 900000648
900000499 900000649
900000499 900000650
900000499 900000651
900000499 900000652
900000499 900000653
900000499 900000654
900000499 900000655
900000499 900000656
900000499 900000657
900000499 900000658
900000499 900000659
900000499 900000660
900000499 900000661
900000499 900000662
900000499 900000663
900000499 900000664
900000499 900000665
900000499 900000666
900000499 900000667
900000499 900000668
900000499 900000669
900000499 900000670
900000499 900000671
900000499 900000672
900000499 900000673
900000499 900000674
900000499 900000675
900000499 900000676
900000499 900000677
900000499 900000678
900000499 900000679
900000499 900000680
900000499 900000681
900000499 900000682
900000499 900000683
900000499 900000684
900000499 900000685
900000499 900000686
900000499 900000687
900000499 900000688
900000499 900000689
900000499 900000690
900000499 900000691
900000499 900000692
900000499 900000693
900000499 900000694
900000499 900000695
900000499 900000696
900000499 900000697
900000499 900000698
900000499 900000699
900000499 900000700
900000499 900000701
900000499 900000702
900000499 900000703
900000499 900000704
900000499 900000705
900000499 900000706
900000499 900000707
900000499 900000708
900000499 900000709
900000499 900000710
900000499 900000711
900000499 900000712
900000499 900000713
900000499 900000714
900000499 900000715
900000499 900000716
900000499 900000717
900000499 900000718
900000499 900000719
900000499 900000720
900000499 900000721
900000499 900000722
900000499 900000723
900000499 900000724
900000499 900000725
900000499 900000726
900000499 900000727
900000499 900000728
900000499 900000729
900000499 900000730
900000499 900000731
900000499 900000732
900000499 900000733
900000499 900000734
900000499 900000735
900000499 900000736
900000499 900000737
900000499 900000738
900000499 900000739
900000499 900000740
900000499 900000741
900000499 900000742
900000499 900000743
900000499 900000744
900000499 900000745
900000499 900000746
900000499 900000747
900000499 900000748
900000499 900000749
900000499 900000750
900000499 900000751
900000499 900000752
900000499 900000753
900000499 900000754
900000499 900000755
900000499 900000756
900000499 900000757
900000499 900000758
900000499 900000759
900000499 900000760
900000499 900000761
900000499 900000762
900000499 900000763
900000499 900000764
900000499 900000765
900000499 900000766
900000499 900000767
900000499 900000768
900000499 900000769
900000499 900000770
900000499 900000771
900000499 900000772
900000499 900000773
900000499 900000774
900000499 900000775
900000499 900000776
900000499 900000777
900000499 900000778
900000499 900000779
900000499 900000780
900000499 900000781
900000499 900000782
900000499 900000783
900000499 900000784
900000499 900000785
900000499 900000786
900000499 900000787
900000499 900000788
900000499 900000789
900000499 900000790
900000499 900000791
900000499 900000792
900000499 900000793
900000499 900000794
900000499 900000795
900000499 900000796
900000499 900000797
900000499 900000798
900000499 900000799
900000499 900000800
900000499 900000801
900000499 900000802
900000499 900000803
900000499 900000804
900000499 900000805
900000499 900000806
900000499 900000807
900000499 900000808
900000499 900000809
900000499 900000810
900000499 900000811
900000499 900000812
900000499 900000813
900000499 900000814
900000499 900000815
900000499 900000816
900000499 900000817
900000499 900000818
900000499 900000819
900000499 900000820
900000499 900000821
900000499 900000822
900000499 900000823
900000499 900000824
900000499 900000825
900000499 900000826
900000499 900000827
900000499 900000828
900000499 900000829
900000499 900000830
900000499 900000831
900000499 900000832
900000499 900000833
900000499 900000834
900000499 900000835
900000499 900000836
900000499 900000837
900000499 900000838
900000499 900000839
900000499 900000840
900000499 900000841
900000499 900000842
900000499 900000843
900000499 900000844
900000499 900000845
900000499 900000846
900000499 900000847
900000499 900000848
900000499 900000849
900000499 900000850
900000499 900000851
900000499 900000852
900000499 900000853
900000499 900000854
900000499 900000855
900000499 900000856
900000499 900000857
900000499 900000858
900000499 900000859
900000499 900000860
900000499 900000861
900000499 900000862
900000499 900000863
900000499 900000864
900000499 900000865
900000499 900000866
900000499 900000867
900000499 900000868
900000499 900000869
900000499 900000870
900000499 900000871
900000499 900000872
900000499 900000873
900000499 900000874
900000499 900000875
900000499 900000876
900000499 900000877
900000499 900000878
900000499 900000879
900000499 900000880
900000499 900000881
900000499 900000882
900000499 900000883
900000499 900000884
900000499 900000885
900000499 900000886
900000499 900000887
900000499 900000888
900000499 900000889
900000499 900000890
900000499 900000891
900000499 900000892
900000499 900000893
900000499 900000894
900000499 900000895
900000499 900000896
900000499 900000897
900000499 900000898
900000499 900000899
900000499 900000900
900000499 900000901
900000499 900000902
900000499 900000903
900000499 900000904
900000499 900000905
900000499 900000906
900000499 900000907
900000499 900000908
900000499 900000909
900000499 900000910
900000499 900000911
900000499 900000912
900000499 900000913
900000499 900000914
900000499 900000915
900000499 900000916
900000499 900000917
900000499 900000918
900000499 900000919
900000499 900000920
900000499 900000921
900000499 900000922
900000499 900000923
900000499 900000924
900000499 900000925
900000499 900000926
900000499 900000927
900000499 900000928
900000499 900000929
900000499 900000930
900000499 900000931
900000499 900000932
900000499 900000933
900000499 900000934
900000499 900000935
900000499 900000936
900000499 900000937
900000499 900000938
900000499 900000939
900000499 900000940
900000499 900000941
900000499 900000942
900000499 900000943
900000499 900000944
900000499 900000945
900000499 900000946
900000499 900000947
900000499 900000948
900000499 900000949
900000499 900000950
900000499 900000951
900000499 900000952
900000499 900000953
900000499 900000954
900000499 900000955
900000499 900000956
900000499 900000957
900000499 900000958
900000499 900000959
900000499 900000960
900000499 900000961
900000499 900000962
900000499 900000963
900000499 900000964
900000499 900000965
900000499 900000966
900000499 900000967
900000499 900000968
900000499 900000969
900000499 900000970
900000499 900000971
900000499 900000972
900000499 900000973
900000499 900000974
900000499 900000975
900000499 900000976
900000499 900000977
900000499 900000978
900000499 900000979
900000499 900000980
900000499 900000981
900000499 900000982
900000499 900000983
900000499 900000984
900000499 900000985
900000499 900000986
900000499 900000987
900000499 900000988
900000499 900000989
900000499 900000990
900000499 900000991
900000499 900000992
900000499 900000993
900000499 900000994
900000499 900000995
900000499 900000996
900000499 900000997
900000499 900000998
900000499 900000999
900000499 900001000
900000499 900001001
900000499 900001002
900000499 900001003
900000499 900001004
900000499 900001005
900000499 900001006
900000499 900001007
900000499 900001008
900000499 900001009
900000499 900001010
900000499 900001011
900000499 900001012
900000499 900001013
900000499 900001014
900000499 900001015
900000499 900001016
900000499 900001017
900000499 900001018
900000499 900001019
900000499 900001020
900000499 900001021
900000499 900001022
900000499 900001023
900000499 900001024
900000499 900001025
900000499 900001026
900000499 900001027
900000499 900001028
900000499 900001029
900000499 900001030
900000499 900001031
900000499 900001032
900000499 900001033
900000499 900001034
900000499 900001035
900000499 900001036
900000499 900001037
900000499 900001038
900000499 900001039
900000499 900001040
900000499 900001041
900000499 900001042
900000499 900001043
900000499 900001044
900000499 900001045
900000499 900001046
900000499 900001047
900000499 900001048
900000499 900001049
900000499 900001050
900000499 900001051
900000499 900001052
900000499 900001053
900000499 900001054
900000499 900001055
900000499 900001056
900000499 900001057
900000499 900001058
900000499 900001059
900000499 900001060
900000499 900001061
900000499 900001062
900000499 900001063
900000499 900001064
900000499 900001065
900000499 900001066
900000499 900001067
900000499 900001068
900000499 900001069
900000499 900001070
900000499 900001071
900000499 900001072
900000499 900001073
900000499 900001074
900000499 900001075
900000499 900001076
900000499 900001077
900000499 900001078
900000499 900001079
900000499 900001080
900000499 900001081
900000499 900001082
900000499 900001083
900000499 900001084
900000499 900001085
900000499 900001086
900000499 900001087
900000499 900001088
900000499 900001089
900000499 900001090
900000499 900001091
900000499 900001092
900000499 900001093
900000499 900001094
900000499 900001095
900000499 900001096
900000499 900001097
900000499 900001098
900000499 900001099
900000499 900001100
900000499 900001101
900000499 900001102
900000499 900001103
900000499 900001104
900000499 900001105
900000499 900001106
900000499 900001107
900000499 900001108
900000499 900001109
900000499 900001110
900000499 900001111
900000499 900001112
900000499 900001113
900000499 900001114
900000499 900001115
900000499 900001116
900000499 900001117
900000499 900001118
900000499 900001119
900000499 900001120
900000499 900001121
900000499 900001122
900000499 900001123
900000499 900001124
900000499 900001125
900000499 900001126
900000499 900001127
900000499 900001128
900000499 900001129
900000499 900001130
900000499 900001131
900000499 900001132
900000499 900001133
900000499 900001134
900000499 900001135
900000499 900001136
900000499 900001137
900000499 900001138
900000499 900001139
900000499 900001140
900000499 900001141
900000499 900001142
900000499 900001143
900000499 900001144
900000499 900001145
900000499 900001146
900000499 900001147
900000499 900001148
900000499 900001149
900000499 900001150
900000499 900001151
900000499 900001152
900000499 900001153
900000499 900001154
900000499 900001155
900000499 900001156
900000499 900001157
900000499 900001158
900000499 900001159
900000499 900001160
900000499 900001161
900000499 900001162
900000499 900001163
900000499 900001164
900000499 900001165
900000499 900001166
900000499 900001167
900000499 900001168
900000499 900001169
900000499 900001170
900000499 900001171
900000499 900001172
900000499 900001173
900000499 900001174
900000499 900001175
900000499 900001176
900000499 900001177
900000499 900001178
900000499 900001179
900000499 900001180
900000499 900001181
900000499 900001182
900000499 900001183
900000499 900001184
900000499 900001185
900000499 900001186
900000499 900001187
900000499 900001188
900000499 900001189
900000499 900001190
900000499 900001191
900000499 900001192
900000499 900001193
900000499 900001194
900000499 900001195
900000499 900001196
900000499 900001197
900000499 900001198
900000499 900001199
900000499 900001200
900000499 900001201
900000499 900001202
900000499 900001203
900000499 900001204
900000499 900001205
900000499 900001206
900000499 900001207
900000499 900001208
900000499 900001209
900000499 900001210
900000499 900001211
900000499 900001212
900000499 900001213
900000499 900001214
900000499 900001215
900000499 900001216
900000499 900001217
900000499 900001218
900000499 900001219
900000499 900001220
900000499 900001221
900000499 900001222
900000499 900001223
900000499 900001224
900000499 900001225
900000499 900001226
900000499 900001227
900000499 900001228
900000499 900001229
900000499 900001230
900000499 900001231
900000499 900001232
900000499 900001233
900000499 900001234
900000499 900001235
900000499 900001236
900000499 900001237
900000499 900001238
900000499 900001239
900000499 900001240
900000499 900001241
900000499 900001242
900000499 900001243
900000499 900001244
900000499 900001245
900000499 900001246
900000499 900001247
900000499 900001248
900000499 900001249
900000499 900001250
900000499 900001251
900000499 900001252
900000499 900001253
900000499 900001254
900000499 900001255
900000499 900001256
900000499 900001257
900000499 900001258
900000499 900001259
900000499 900001260
900000499 900001261
900000499 900001262
900000499 900001263
900000499 900001264
900000499 900001265
900000499 900001266
900000499 900001267
900000499 900001268
900000499 900001269
900000499 900001270
900000499 900001271
900000499 900001272
900000499 900001273
900000499 900001274
900000499 900001275
900000499 900001276
900000499 900001277
900000499 900001278
900000499 900001279
900000499 900001280
900000499 900001281
900000499 900001282
900000499 900001283
900000499 900001284
900000499 900001285
900000499 900001286
900000499 900001287
900000499 900001288
900000499 900001289
900000499 900001290
900000499 900001291
900000499 900001292
900000499 900001293
900000499 900001294
900000499 900001295
900000499 900001296
900000499 900001297
900000499 900001298
900000499 900001299
900000499 900001300
900000499 900001301
900000499 900001302
900000499 900001303
900000499 900001304
900000499 900001305
900000499 900001306
900000499 900001307
900000499 900001308
900000499 900001309
900000499 900001310
900000499 900001311
900000499 900001312
900000499 900001313
900000499 900001314
900000499 900001315
900000499 900001316
900000499 900001317
900000499 900001318
900000499 900001319
900000499 900001320
900000499 900001321
900000499 900001322
900000499 900001323
900000499 900001324
900000499 900001325
900000499 900001326
900000499 900001327
900000499 900001328
900000499 900001329
900000499 900001330
900000499 900001331
900000499 900001332
900000499 900001333
900000499 900001334
900000499 900001335
900000499 900001336
900000499 900001337
900000499 900001338
900000499 900001339
900000499 900001340
900000499 900001341
900000499 900001342
900000499 900001343
900000499 900001344
900000499 900001345
900000499 900001346
900000499 900001347
900000499 900001348
900000499 900001349
900000499 900001350
900000499 900001351
900000499 900001352
900000499 900001353
900000499 900001354
900000499 900001355
900000499 900001356
900000499 900001357
900000499 900001358
900000499 900001359
900000499 900001360
900000499 900001361
900000499 900001362
900000499 900001363
900000499 900001364
900000499 900001365
900000499 900001366
900000499 900001367
900000499 900001368
900000499 900001369
900000499 900001370
900000499 900001371
900000499 900001372
900000499 900001373
900000499 900001374
900000499 900001375
900000499 900001376
900000499 900001377
900000499 900001378
900000499 900001379
900000499 900001380
900000499 900001381
900000499 900001382
900000499 900001383
900000499 900001384
900000499 900001385
900000499 900001386
900000499 900001387
900000499 900001388
900000499 900001389
900000499 900001390
900000499 900001391
900000499 900001392
900000499 900001393
900000499 900001394
900000499 900001395
900000499 900001396
900000499 900001397
900000499 900001398
900000499 900001399
900000499 900001400
900000499 900001401
900000499 900001402
900000499 900001403
900000499 900001404
900000499 900001405
900000499 900001406
900000499 900001407
900000499 900001408
900000499 900001409
900000499 900001410
900000499 900001411
900000499 900001412
900000499 900001413
900000499 900001414
900000499 900001415
900000499 900001416
900000499 900001417
900000499 900001418
900000499 900001419
900000499 900001420
900000499 900001421
900000499 900001422
900000499 900001423
900000499 900001424
900000499 900001425
900000499 900001426
900000499 900001427
900000499 900001428
900000499 900001429
900000499 900001430
900000499 900001431
900000499 900001432
900000499 900001433
900000499 900001434
900000499 900001435
900000499 900001436
900000499 900001437
900000499 900001438
900000499 900001439
900000499 900001440
900000499 900001441
900000499 900001442
900000499 900001443
900000499 900001444
900000499 900001445
900000499 900001446
900000499 900001447
900000499 900001448
900000499 900001449
900000499 900001450
900000499 900001451
900000499 900001452
900000499 900001453
900000499 900001454
900000499 900001455
900000499 900001456
900000499 900001457
900000499 900001458
900000499 900001459
900000499 900001460
900000499 900001461
900000499 900001462
900000499 900001463
900000499 900001464
900000499 900001465
900000499 900001466
900000499 900001467
900000499 900001468
900000499 900001469
900000499 900001470
900000499 900001471
900000499 900001472
900000499 900001473
900000499 900001474
900000499 900001475
900000499 900001476
900000499 900001477
900000499 900001478
900000499 900001479
900000499 900001480
900000499 900001481
900000499 900001482
900000499 900001483
900000499 900001484
900000499 900001485
900000499 900001486
900000499 900001487
900000499 900001488
900000499 900001489
900000499 900001490
900000499 900001491
900000499 900001492
900000499 900001493
900000499 900001494
900000499 900001495
900000499 900001496
900000499 900001497
900000499 900001498
900000499 900001499