1
8
1
2
3
-34
1
2
3

7
1
2
3
-34
3
3

18
1
1
1
1
-4
-1
1
-1
1
-1
1
-1
1
-1
1
-1
1

7
1
2
3
-34
3
3

7
3
3
-34
1
2
3

18
1
1
1
1
-4
-1
1
-1
1
-1
1
-1
1
-1
1
-1
1

4
1
6
-5
3
2
1
1
5
-5
3
2
1
1
3
0
0
8
1
2
3
-7
1
2
3
3
-1000000000
1000000000
3
-1
-1
3
0
0
3
1
1
3
  -1
   6
10
   4
  -5
   4
  -3
   4
   4
  -4
   4
  -5
4
  -2
  -3
  -4
3
  -1
   6
10
   4
  -5
   4
  -3
   4
   4
  -4
   4
  -5
4
  -2
  -3
  -4