10
0 0
0 1
0 2
1 0
2 0
-1 0
-2 0
0 -1
0 -2
0 0

200
-1000 1000
999 999
8 8
-1001 1000
997 999
2 8
-1005 1000
999 996
8 9
-1003 1087
-1000 1000
999 999
8 8
-1001 1000
997 999
2 8
-1005 1000
999 996
8 9
-1003 1087
-1000 1000
999 999
8 8
-1001 1000
997 999
2 8
-1005 1000
999 996
0 -1000
-1000 0
1000 0
0 1000
-1000 1000
999 999
8 8
-1001 1000
997 999
2 8
-1005 1000
999 996
8 9
-1003 1087
-1000 1000
999 999
8 8
-1001 1000
997 999
2 8
-1005 1000
999 996
8 9
-1003 1087
-1000 1000
999 999
8 8
-1001 1000
997 999
2 8
-1005 1000
999 996
8 9
-1003 1087
-1000 1000
999 999
8 8
-1001 1000
997 999
2 8
-1005 1000
999 996
8 9
-1003 1087
-1000 1000
999 999
8 8
-1001 1000
997 999
2 8
-1005 1000
999 996
8 9
-1003 1087
-1000 1000
999 999
8 8
-1001 1000
997 999
2 8
-1005 1000
999 996
8 9
-1003 1087
-1000 1000
999 999
8 8
-1001 1000
997 999
2 8
-1005 1000
999 996
8 9
-1003 1087
-1000 1000
999 999
8 8
-1001 1000
997 999
2 8
-1005 1000
999 996
8 9
-1003 1087
-1000 1000
999 999
8 8
-1001 1000
997 999
2 8
-1005 1000
999 996
8 9
-1003 1087
-1000 1000
999 999
8 8
-1001 1000
997 999
2 8
-1005 1000
999 996
8 9
-1003 1087
-1000 1000
999 999
8 8
-1001 1000
997 999
2 8
-1005 1000
999 996
8 9
-1003 1087
-1000 1000
999 999
8 8
-1001 1000
997 999
2 8
-1005 1000
999 996
8 9
-1003 1087
-1000 1000
999 999
8 8
-1001 1000
997 999
2 8
-1005 1000
999 996
8 9
-1003 1087
-1000 1000
999 999
8 8
-1001 1000
997 999
2 8
-1005 1000
999 996
8 9
-1003 1087
-1000 1000
999 999
8 8
-1001 1000
997 999
2 8
-1005 1000
999 996
8 9
-1003 1087
-1000 1000
999 999
8 8
-1001 1000
997 999
2 8
-1005 1000
999 996
8 9
-1003 1087
-1000 1000
999 999
8 8
-1001 1000
997 999
2 8
-1005 1000
0 0
0 1000
-1003 1087



5
0 0
0 1
1 0
0 -1
-1 0

8
1 1
4 2
3 1
1 2
0 2
0 1
1 0
1 3